# Frame list with one line of data per frame:
#   FRAME_ID, RIG_ID, RIG_FROM_WORLD[QW, QX, QY, QZ, TX, TY, TZ], NUM_DATA_IDS, DATA_IDS[] as (SENSOR_TYPE, SENSOR_ID, DATA_ID)
# Number of frames: 100
1 1 -0.11600197839304455 -0.086131286687559941 0.87792519079793196 0.45647815043533013 -0.1297322989084092 -1.5227535686817664 2.1996797588903236 1 CAMERA 1 1
2 1 0.018812115096716563 -0.042767636231155912 0.96888998529119541 0.24304162198935117 0.029768673664651302 -2.3750690865487325 3.0947621190445616 1 CAMERA 1 2
3 1 -0.38438241379335675 -0.093209420906949988 0.87873077732797467 0.26719727692691253 -0.36386733824280115 -2.3477445121672069 3.0885917887661449 1 CAMERA 1 3
4 1 0.53335692643531596 0.10692170674547581 0.77941826879989873 0.31081393133364599 0.47916787202825556 -1.9990205764888447 2.6587589805700018 1 CAMERA 1 4
5 1 0.59144926376710238 0.046806709043843278 0.78011832254346092 0.19852532133159786 0.50345520054454207 -2.423253401714077 3.2770170858113543 1 CAMERA 1 5
6 1 0.74495796144950821 0.57075647766478665 0.26615003847261759 0.22008824570545127 0.32483179478288665 -0.64637831117371447 1.8355197761365143 1 CAMERA 1 6
7 1 -0.11877382471483466 -0.14987826701650298 0.66885240674121205 0.71837715834735993 -0.17783881795492257 0.24933169612394007 1.7563511844737552 1 CAMERA 1 7
8 1 0.9335809504122361 0.18622598529959658 0.2992959386387859 0.064563399390897044 0.28649091620426242 -2.5308352079471303 3.4199879144717862 1 CAMERA 1 8
9 1 0.21478921966693143 -0.033917561878765462 0.96015304445584604 0.17556002202449461 0.23231722995399687 -2.5344410555963761 3.4137481471037527 1 CAMERA 1 9
10 1 0.52297982824483213 0.20155379273238394 -0.73712476761913726 -0.37751191351615643 -0.47460467678185619 -1.8593237098751261 2.5102920956562689 1 CAMERA 1 10
11 1 0.84625425820551725 0.05858864541569591 0.52209322571340044 0.08854244610106507 0.46130830237022613 -2.6479008037739735 3.8406043861747428 1 CAMERA 1 11
12 1 -0.081730294713155349 -0.060435838694230887 0.94007434677372836 0.32546565235885278 -0.081191277023260108 -2.1119529132600046 2.7204861932428113 1 CAMERA 1 12
13 1 0.77885642622758622 0.031016763534651697 -0.61379664237357467 -0.12519708269266516 -0.50979377303585027 -2.7054386169709699 4.1991258470981121 1 CAMERA 1 13
14 1 0.73138499801909906 0.44293601045245856 0.41578370137001341 0.30985091413793425 0.45524253926692165 -1.0102536373495545 1.9721746846557875 1 CAMERA 1 14
15 1 0.42319178881181341 0.075900810957347034 0.83390346295859374 0.34605316245331397 0.41432066579179422 -1.9018137138607842 2.544717828981979 1 CAMERA 1 15
16 1 0.78338422916907025 0.57886110303128324 0.18725559665709915 0.12713895707917977 0.21369304243923637 -0.83864936592506389 1.8780656791804675 1 CAMERA 1 16
17 1 -0.26863368862674436 -0.05703833838944692 0.94098534610477336 0.19781088874134398 -0.25839078630266549 -2.5280577193639515 3.4085412629001728 1 CAMERA 1 17
18 1 0.89275509498986494 0.083984322739109496 -0.42233326492422019 -0.13255031966064412 -0.4201509260880481 -2.6972753080178209 4.0376099444546796 1 CAMERA 1 18
19 1 0.27223289118368937 0.04387717459373517 0.86528901129100322 0.41861554372297088 0.29273224655518681 -1.6190071018612917 2.2827179509561151 1 CAMERA 1 19
20 1 0.72617195495822962 0.18619315884260657 -0.60814533308480789 -0.26108552866737567 -0.52037571587732878 -2.321748306079038 3.0894715640717263 1 CAMERA 1 20
21 1 0.98600489334465213 0.059673191982848608 -0.13812532426630283 -0.071797320669424111 -0.16496078726868721 -2.7586290725709706 4.3161740164843128 1 CAMERA 1 21
22 1 -0.059433334011996249 -0.058671758008197843 0.93009010026420103 0.35771176806330346 -0.060117968032791541 -1.9802921194664007 2.5763256048962853 1 CAMERA 1 22
23 1 0.68492784478042745 0.090864769267668996 -0.69686297638987871 -0.19235236751184323 -0.51656353180673098 -2.5779785142221172 3.6335021297253252 1 CAMERA 1 23
24 1 0.27570118181906167 -0.010597272367169886 0.93155694041980996 0.23680840972742415 0.28710896880736925 -2.3643718813209347 3.0955284956178284 1 CAMERA 1 24
25 1 -0.19491272909652077 -0.1003205776385037 0.88744138100199266 0.40545357936969728 -0.20551436554429467 -1.7817971239809196 2.4013273174467638 1 CAMERA 1 25
26 1 0.17549597006261286 0.007668084815707423 0.8933126386323712 0.41368453515536713 0.19070504959782922 -1.6786771103610696 2.3280799359072781 1 CAMERA 1 26
27 1 0.9903720568602371 0.084585558827610235 -0.087793280662213855 -0.065580577146056723 -0.11905619756093438 -2.7480766243572763 4.17567568831429 1 CAMERA 1 27
28 1 -0.21882622875981175 -0.050555028055816742 0.95797162223370524 0.17846467925042619 -0.20873503664788035 -2.5669797900270686 3.4886746817103886 1 CAMERA 1 28
29 1 0.99900034449652952 0.00070611340922934406 0.0098005110391770501 -0.043609208695408248 -0.010716791550763115 -2.7673402827762028 4.631977263059178 1 CAMERA 1 29
30 1 0.06448806716667263 -0.013850002406512277 0.78113011944028088 0.62087454701385436 0.065934735237250769 -0.48980071735250152 1.7820802101825561 1 CAMERA 1 30
31 1 0.12347846742413882 0.041438290616886156 0.68750781829626051 0.71440110297706882 0.13969120739527144 0.24716268259121943 1.7548111108382336 1 CAMERA 1 31
32 1 0.41909716067409636 0.061807537572737249 0.84626912934928278 0.32305720689146133 0.40978667648033373 -2.0098028996751918 2.6529585336999886 1 CAMERA 1 32
33 1 0.61738247171859906 0.31290257535615779 -0.59223154010270107 -0.412544136860167 -0.52145642405705095 -1.4657890539678078 2.219816148677872 1 CAMERA 1 33
34 1 -0.28738083040498857 -0.1604837359222617 0.81117590890408087 0.48337446522733429 -0.30779666697845087 -1.3586196464285205 2.1141713507281557 1 CAMERA 1 34
35 1 0.85004552193825245 0.50241372498563142 0.14544677773120038 0.062034622803699375 0.14460298465859936 -1.3967662373579877 2.1229980583352561 1 CAMERA 1 35
36 1 -0.26543135269586426 -0.097858488337346519 0.89849074346186575 0.33568481821452262 -0.26817013982201321 -2.0903519664251764 2.7171238959184665 1 CAMERA 1 36
37 1 0.20446046352751415 -0.036454040864768424 0.9635898554187925 0.16840906238303902 0.22402834246792938 -2.5510310392866322 3.4529603793340002 1 CAMERA 1 37
38 1 0.87353955706046094 0.43667288343232952 0.19736346493584009 0.08539963602983501 0.1979006239511055 -1.6881886615598771 2.3227424267637176 1 CAMERA 1 38
39 1 0.81579244596977751 0.22533501139978043 0.49685941040004422 0.19193109188724267 0.46225307671326471 -2.1752523397242594 2.8582674681842195 1 CAMERA 1 39
40 1 0.91863173152075872 0.39184553882516898 0.043646420377818629 -0.025841933638729817 0.0090347938998892683 -2.0048708250710447 2.5978082214002658 1 CAMERA 1 40
41 1 0.6237450278759884 0.23027655211400413 -0.66061682792205223 -0.34856886896662864 -0.51499347776015836 -1.9403469307781609 2.6005936203366788 1 CAMERA 1 41
42 1 0.37849432948048262 0.026337823393959122 0.88293525005342643 0.27653879623496169 0.37568304514946826 -2.2123207484396223 2.8863726996123593 1 CAMERA 1 42
43 1 -0.19301973852253604 -0.17082538642479458 0.7359541347763765 0.62604598824612467 -0.23534360621148698 -0.43504048114648985 1.7844027567494716 1 CAMERA 1 43
44 1 0.42566461854686721 0.094891861532410249 0.81690340929020067 0.37745726516032357 0.41760902034978364 -1.7422594361142389 2.4069486803730924 1 CAMERA 1 44
45 1 0.86635583279184836 0.16859215914818404 0.45257714277796551 0.12719349313636083 0.42242452446879486 -2.4496957140552422 3.2852854572456103 1 CAMERA 1 45
46 1 0.77240784464079537 0.3865732848677601 -0.39865932952486594 -0.30824982716409605 -0.462948214428129 -1.634176804661803 2.3216611094665787 1 CAMERA 1 46
47 1 0.84289909964642207 -0.019579107111538971 0.53611874032453422 0.041406070240974709 0.46387551663243615 -2.7248435808391784 4.3250028558914551 1 CAMERA 1 47
48 1 0.22820446603130806 0.00090167316077044857 0.92080410369555243 0.31629371047541732 0.24356908485133574 -2.095624558921632 2.7182767421976348 1 CAMERA 1 48
49 1 -0.16095631334817662 -0.12995752015640893 0.79859338152974191 0.5652014854236076 -0.1902342708457766 -0.87819950729884 1.8920807596861484 1 CAMERA 1 49
50 1 0.69349469046525369 0.41074182834991269 -0.45030892708745113 -0.38415899693437044 -0.50414124447536335 -1.24804340068675 2.0897109244862757 1 CAMERA 1 50
51 1 0.29870744740489164 0.12727424884790886 0.74862037536202652 0.57805074175012783 0.3252664766708479 -0.59969640757877685 1.8237655181873837 1 CAMERA 1 51
52 1 0.75020535195547622 0.22861593177916734 -0.55620970975885708 -0.27487714420095266 -0.50898069811571389 -2.2089764012101156 2.9153426818895758 1 CAMERA 1 52
53 1 -0.48636149708030557 -0.065132182819678835 0.85036454317739796 0.18997483155840247 -0.43168822507008359 -2.5678258287206619 3.5684332519491111 1 CAMERA 1 53
54 1 0.48056448363429455 0.3602543703495607 0.55062242340992473 0.57973227661699744 0.50351587687292898 0.066994138203208264 1.7865750460799399 1 CAMERA 1 54
55 1 0.93036455997685408 0.067839366350793573 -0.34281002356372048 -0.11090939390529098 -0.35775839948072341 -2.7291041253640951 4.1951588428684534 1 CAMERA 1 55
56 1 0.72191401438159375 0.47451776358605513 -0.35984086322038056 -0.35240261213213553 -0.46126891796345687 -1.0809367595041324 2.0026878733161828 1 CAMERA 1 56
57 1 0.72554026635130087 0.014090686629950699 0.67943613175874396 0.10844038599108263 0.52167684962954763 -2.6345879199445839 3.838599278053239 1 CAMERA 1 57
58 1 0.3640930684987157 -0.0046540068171233131 0.9071646075203138 0.21087188659053385 0.36523720702834794 -2.4285281439827102 3.2335691225365926 1 CAMERA 1 58
59 1 0.90950757867160081 0.41042568253878459 0.064755376333317294 -0.012388086511853016 0.031001544717613096 -1.9187677232222073 2.5115164302249839 1 CAMERA 1 59
60 1 0.95077359357362878 0.23513491936056713 -0.16716567882078115 -0.11312285040952307 -0.21575386111339337 -2.502591193983057 3.3389095850447137 1 CAMERA 1 60
61 1 0.86548520609428337 0.34595211551893429 -0.29470625825761515 -0.21071476726538529 -0.36127578341397665 -2.0443656655750244 2.6737477975561132 1 CAMERA 1 61
62 1 0.70914779993363397 0.58713227048299943 0.28648079917766517 0.26516758193506834 0.36189298400716446 -0.39597954096054205 1.7910320163834998 1 CAMERA 1 62
63 1 0.71464918971731017 0.53803610361860876 -0.29349924512541831 -0.3371229448585597 -0.42380608874369102 -0.7906114278008215 1.8876179892944573 1 CAMERA 1 63
64 1 0.95326601066547811 0.22889857991087406 0.19463975902159295 0.031697274846995208 0.18139255977391203 -2.4843259989574036 3.2950109415450441 1 CAMERA 1 64
65 1 0.028643004605363807 -0.036612794394930419 0.86330483786481083 0.5025374000937487 0.02898988274595404 -1.2510643885333494 2.0385115573903998 1 CAMERA 1 65
66 1 0.87516085827587986 0.17977872877145615 -0.41204098255721872 -0.17887232741938178 -0.42222128814390741 -2.529953806765461 3.4633256972671411 1 CAMERA 1 66
67 1 0.11134957607357064 -0.02604849590803766 0.94746223095101578 0.29872741536472563 0.12283607648621782 -2.1829035660545717 2.8134842813875989 1 CAMERA 1 67
68 1 0.1109948507614677 -0.013676198680764161 0.905445086545281 0.4094658715266663 0.12205036600481171 -1.7177078697170001 2.3481594255216272 1 CAMERA 1 68
69 1 0.059456840180255086 -0.019867998206239152 0.8186707292058274 0.57083130953431016 0.060790265799959275 -0.82720588756559821 1.8673352324032517 1 CAMERA 1 69
70 1 0.89662350479148123 -0.013053455645675891 0.44184036188328107 0.025942100184801906 0.40192854233265379 -2.7391490006727519 4.408549782614906 1 CAMERA 1 70
71 1 0.27861842352920752 0.021111404658519815 0.89791247280460385 0.3401165592048776 0.29294872378726911 -1.9862897718452384 2.6042464654838282 1 CAMERA 1 71
72 1 0.72707723166415461 0.060946083357367294 -0.66575737655542089 -0.15624144674518875 -0.51684941337042978 -2.6564859867969179 3.9171355796652323 1 CAMERA 1 72
73 1 -0.19176820691851437 -0.052483108728927821 0.96137973834379364 0.19031415295616971 -0.18178275193746135 -2.5373799157396766 3.4161420914239415 1 CAMERA 1 73
74 1 0.83112047069303219 0.49291924614914612 0.22323583468894936 0.12819961810192063 0.24364308451468411 -1.3283679008330993 2.0925052243768296 1 CAMERA 1 74
75 1 0.91899305309844492 0.11149214385278103 0.37267164832529354 0.064320391404424179 0.35089464342341276 -2.6409140133586186 3.7491133026955876 1 CAMERA 1 75
76 1 0.84063961981749147 0.29596954579952162 -0.38791010864610076 -0.23505915247549636 -0.42609254720914852 -2.1531411670867513 2.8165738997499803 1 CAMERA 1 76
77 1 0.38403627089852177 0.18641969646394213 0.7112927848549544 0.55841419539436199 0.40570746759739096 -0.60262082882458545 1.8398918500308894 1 CAMERA 1 77
78 1 -0.18768500835745411 -0.075008410075813506 0.93173145825006232 0.30170277718803534 -0.1864844245153941 -2.2113824708736276 2.8566845972177934 1 CAMERA 1 78
79 1 0.85330158574675319 0.50107791309769667 -0.080568689759130785 -0.11960775475791988 -0.15596888688563612 -1.4684917865772709 2.1640986785598226 1 CAMERA 1 79
80 1 0.91940166167858861 0.13689367503926986 0.36172218192587735 0.071538586369005425 0.34491674245597304 -2.5997723706355171 3.6153086160437535 1 CAMERA 1 80
81 1 0.94791680314477178 0.15018549067900808 -0.25428489452247449 -0.11931992760220635 -0.28922111408937634 -2.6531237747368785 3.7659003601150549 1 CAMERA 1 81
82 1 0.78262437587942113 0.36504234216761677 0.43577101868961532 0.25366669859156193 0.44367905629023729 -1.5510151776124239 2.2576729554899089 1 CAMERA 1 82
83 1 0.079292488907967237 -0.015748604332365277 0.86006637512812367 0.50373655122328787 0.086195128935303136 -1.2305689176582284 2.0302589090694414 1 CAMERA 1 83
84 1 0.87488754281419678 0.41114187696081894 -0.18897442424239685 -0.17269282388080481 -0.26870496181016545 -1.8506939043199835 2.4648321250022476 1 CAMERA 1 84
85 1 0.092353005746562356 -0.022038497039520783 0.92084468002587683 0.37819347197678455 0.10131566824021057 -1.8654411114424763 2.4757668368825523 1 CAMERA 1 85
86 1 0.060494770292374919 -0.033571402027952855 0.94291752511362958 0.32576047115440193 0.069660799759820216 -2.0895058926414394 2.7000269677698463 1 CAMERA 1 86
87 1 0.94825316464252307 0.30938943323025175 -0.031175879942605639 -0.064204196597324653 -0.07053618185798069 -2.3151883780359008 2.9872543168176446 1 CAMERA 1 87
88 1 0.24400405477491113 -0.0076199820995448723 0.93183215558645782 0.26850100733758969 0.25776344985022193 -2.2671681437953621 2.941400902254744 1 CAMERA 1 88
89 1 0.69632106638152524 0.20768989740633353 0.62489357068556772 0.28549939464819091 0.52299708342546181 -1.9119018458275567 2.5694197217012285 1 CAMERA 1 89
90 1 -0.21102907376097571 -0.071613715316182602 0.93639030641472309 0.27112985792556737 -0.20651697462579413 -2.3174078606060013 3.0093559188485028 1 CAMERA 1 90
91 1 0.29879143888252352 -0.029542853711756335 0.93932520138160913 0.16588870333593145 0.31105785121400914 -2.5487275284409487 3.4713625273138309 1 CAMERA 1 91
92 1 0.53133919411225461 0.019819368060018456 0.82600601306819599 0.18708265506193986 0.47564162762876122 -2.4699470108446135 3.3663230933347283 1 CAMERA 1 92
93 1 0.90296189802931826 0.068831402730777952 -0.40623311916609611 -0.12205204462846608 -0.40612941186021473 -2.7160237807861254 4.1441111780758382 1 CAMERA 1 93
94 1 0.56226236603330526 0.16878657427403884 -0.74426842776674884 -0.31849117965349638 -0.48841003666486216 -2.1420851193788422 2.8211883258493109 1 CAMERA 1 94
95 1 0.30392813330993751 -0.023293112113358421 0.93465036637777077 0.18306778345932498 0.3140645860053351 -2.5084066178519451 3.3787309921848476 1 CAMERA 1 95
96 1 0.71316677953271668 0.073808745406080581 -0.67597059886479016 -0.17032076544828856 -0.51732159933216326 -2.6286493516911906 3.802983798607376 1 CAMERA 1 96
97 1 0.79915430888896777 0.5703176814940788 0.16299514607321131 0.097584399962224636 0.1773319018821955 -0.94890817692959051 1.9140322893396757 1 CAMERA 1 97
98 1 0.6442659469950679 0.051696811340097064 -0.74686899400008744 -0.15631869702985624 -0.50654923103985716 -2.6496101052268992 3.8793204335632012 1 CAMERA 1 98
99 1 0.47918441453821625 0.32324117893517007 0.58760674622678588 0.56622941365937363 0.49555221219997814 -0.15646979379351919 1.7887716951376864 1 CAMERA 1 99
100 1 0.93859346014865075 0.31823891132720739 0.13209858416178646 0.017784148726003098 0.11368962188323732 -2.248161645998489 2.8940786748774729 1 CAMERA 1 100
